Xspalte Yspalte Zspalte
0.000000 -1.000000 1.000000
0.000000 -0.990000 0.980100
0.000000 -0.980000 0.960400
0.000000 -0.970000 0.940900
0.000000 -0.960000 0.921600
0.000000 -0.950000 0.902500
0.000000 -0.940000 0.883600
0.000000 -0.930000 0.864900
0.000000 -0.920000 0.846400
0.000000 -0.910000 0.828100
0.000000 -0.900000 0.810000
0.000000 -0.890000 0.792100
0.000000 -0.880000 0.774400
0.000000 -0.870000 0.756900
0.000000 -0.860000 0.739600
0.000000 -0.850000 0.722500
0.000000 -0.840000 0.705600
0.000000 -0.830000 0.688900
0.000000 -0.820000 0.672400
0.000000 -0.810000 0.656100
0.000000 -0.800000 0.640000
0.000000 -0.790000 0.624100
0.000000 -0.780000 0.608400
0.000000 -0.770000 0.592900
0.000000 -0.760000 0.577600
0.000000 -0.750000 0.562500
0.000000 -0.740000 0.547600
0.000000 -0.730000 0.532900
0.000000 -0.720000 0.518400
0.000000 -0.710000 0.504100
0.000000 -0.700000 0.490000
0.000000 -0.690000 0.476100
0.000000 -0.680000 0.462400
0.000000 -0.670000 0.448900
0.000000 -0.660000 0.435600
0.000000 -0.650000 0.422500
0.000000 -0.640000 0.409600
0.000000 -0.630000 0.396900
0.000000 -0.620000 0.384400
0.000000 -0.610000 0.372100
0.000000 -0.600000 0.360000
0.000000 -0.590000 0.348100
0.000000 -0.580000 0.336400
0.000000 -0.570000 0.324900
0.000000 -0.560000 0.313600
0.000000 -0.550000 0.302500
0.000000 -0.540000 0.291600
0.000000 -0.530000 0.280900
0.000000 -0.520000 0.270400
0.000000 -0.510000 0.260100
0.000000 -0.500000 0.250000
0.000000 -0.490000 0.240100
0.000000 -0.480000 0.230400
0.000000 -0.470000 0.220900
0.000000 -0.460000 0.211600
0.000000 -0.450000 0.202500
0.000000 -0.440000 0.193600
0.000000 -0.430000 0.184900
0.000000 -0.420000 0.176400
0.000000 -0.410000 0.168100
0.000000 -0.400000 0.160000
0.000000 -0.390000 0.152100
0.000000 -0.380000 0.144400
0.000000 -0.370000 0.136900
0.000000 -0.360000 0.129600
0.000000 -0.350000 0.122500
0.000000 -0.340000 0.115600
0.000000 -0.330000 0.108900
0.000000 -0.320000 0.102400
0.000000 -0.310000 0.096100
0.000000 -0.300000 0.090000
0.000000 -0.290000 0.084100
0.000000 -0.280000 0.078400
0.000000 -0.270000 0.072900
0.000000 -0.260000 0.067600
0.000000 -0.250000 0.062500
0.000000 -0.240000 0.057600
0.000000 -0.230000 0.052900
0.000000 -0.220000 0.048400
0.000000 -0.210000 0.044100
0.000000 -0.200000 0.040000
0.000000 -0.190000 0.036100
0.000000 -0.180000 0.032400
0.000000 -0.170000 0.028900
0.000000 -0.160000 0.025600
0.000000 -0.150000 0.022500
0.000000 -0.140000 0.019600
0.000000 -0.130000 0.016900
0.000000 -0.120000 0.014400
0.000000 -0.110000 0.012100
0.000000 -0.100000 0.010000
0.000000 -0.090000 0.008100
0.000000 -0.080000 0.006400
0.000000 -0.070000 0.004900
0.000000 -0.060000 0.003600
0.000000 -0.050000 0.002500
0.000000 -0.040000 0.001600
0.000000 -0.030000 0.000900
0.000000 -0.020000 0.000400
0.000000 -0.010000 0.000100
0.000000 0.000000 0.000000
0.000000 0.010000 0.000100
0.000000 0.020000 0.000400
0.000000 0.030000 0.000900
0.000000 0.040000 0.001600
0.000000 0.050000 0.002500
0.000000 0.060000 0.003600
0.000000 0.070000 0.004900
0.000000 0.080000 0.006400
0.000000 0.090000 0.008100
0.000000 0.100000 0.010000
0.000000 0.110000 0.012100
0.000000 0.120000 0.014400
0.000000 0.130000 0.016900
0.000000 0.140000 0.019600
0.000000 0.150000 0.022500
0.000000 0.160000 0.025600
0.000000 0.170000 0.028900
0.000000 0.180000 0.032400
0.000000 0.190000 0.036100
0.000000 0.200000 0.040000
0.000000 0.210000 0.044100
0.000000 0.220000 0.048400
0.000000 0.230000 0.052900
0.000000 0.240000 0.057600
0.000000 0.250000 0.062500
0.000000 0.260000 0.067600
0.000000 0.270000 0.072900
0.000000 0.280000 0.078400
0.000000 0.290000 0.084100
0.000000 0.300000 0.090000
0.000000 0.310000 0.096100
0.000000 0.320000 0.102400
0.000000 0.330000 0.108900
0.000000 0.340000 0.115600
0.000000 0.350000 0.122500
0.000000 0.360000 0.129600
0.000000 0.370000 0.136900
0.000000 0.380000 0.144400
0.000000 0.390000 0.152100
0.000000 0.400000 0.160000
0.000000 0.410000 0.168100
0.000000 0.420000 0.176400
0.000000 0.430000 0.184900
0.000000 0.440000 0.193600
0.000000 0.450000 0.202500
0.000000 0.460000 0.211600
0.000000 0.470000 0.220900
0.000000 0.480000 0.230400
0.000000 0.490000 0.240100
0.000000 0.500000 0.250000
0.000000 0.510000 0.260100
0.000000 0.520000 0.270400
0.000000 0.530000 0.280900
0.000000 0.540000 0.291600
0.000000 0.550000 0.302500
0.000000 0.560000 0.313600
0.000000 0.570000 0.324900
0.000000 0.580000 0.336400
0.000000 0.590000 0.348100
0.000000 0.600000 0.360000
0.000000 0.610000 0.372100
0.000000 0.620000 0.384400
0.000000 0.630000 0.396900
0.000000 0.640000 0.409600
0.000000 0.650000 0.422500
0.000000 0.660000 0.435600
0.000000 0.670000 0.448900
0.000000 0.680000 0.462400
0.000000 0.690000 0.476100
0.000000 0.700000 0.490000
0.000000 0.710000 0.504100
0.000000 0.720000 0.518400
0.000000 0.730000 0.532900
0.000000 0.740000 0.547600
0.000000 0.750000 0.562500
0.000000 0.760000 0.577600
0.000000 0.770000 0.592900
0.000000 0.780000 0.608400
0.000000 0.790000 0.624100
0.000000 0.800000 0.640000
0.000000 0.810000 0.656100
0.000000 0.820000 0.672400
0.000000 0.830000 0.688900
0.000000 0.840000 0.705600
0.000000 0.850000 0.722500
0.000000 0.860000 0.739600
0.000000 0.870000 0.756900
0.000000 0.880000 0.774400
0.000000 0.890000 0.792100
0.000000 0.900000 0.810000
0.000000 0.910000 0.828100
0.000000 0.920000 0.846400
0.000000 0.930000 0.864900
0.000000 0.940000 0.883600
0.000000 0.950000 0.902500
0.000000 0.960000 0.921600
0.000000 0.970000 0.940900
0.000000 0.980000 0.960400
0.000000 0.990000 0.980100
0.000000 1.000000 1.000000
0.000000 1.010000 1.020100
0.000000 1.020000 1.040400
0.000000 1.030000 1.060900
0.000000 1.040000 1.081600
0.000000 1.050000 1.102500
0.000000 1.060000 1.123600
0.000000 1.070000 1.144900
0.000000 1.080000 1.166400
0.000000 1.090000 1.188100
0.000000 1.100000 1.210000
0.000000 1.110000 1.232100
0.000000 1.120000 1.254400
0.000000 1.130000 1.276900
0.000000 1.140000 1.299600
0.000000 1.150000 1.322500
0.000000 1.160000 1.345600
0.000000 1.170000 1.368900
0.000000 1.180000 1.392400
0.000000 1.190000 1.416100
0.000000 1.200000 1.440000
0.000000 1.210000 1.464100
0.000000 1.220000 1.488400
0.000000 1.230000 1.512900
0.000000 1.240000 1.537600
0.000000 1.250000 1.562500
0.000000 1.260000 1.587600
0.000000 1.270000 1.612900
0.000000 1.280000 1.638400
0.000000 1.290000 1.664100
0.000000 1.300000 1.690000
0.000000 1.310000 1.716100
0.000000 1.320000 1.742400
0.000000 1.330000 1.768900
0.000000 1.340000 1.795600
0.000000 1.350000 1.822500
0.000000 1.360000 1.849600
0.000000 1.370000 1.876900
0.000000 1.380000 1.904400
0.000000 1.390000 1.932100
0.000000 1.400000 1.960000
0.000000 1.410000 1.988100
0.000000 1.420000 2.016400
0.000000 1.430000 2.044900
0.000000 1.440000 2.073600
0.000000 1.450000 2.102500
0.000000 1.460000 2.131600
0.000000 1.470000 2.160900
0.000000 1.480000 2.190400
0.000000 1.490000 2.220100
0.000000 1.500000 2.250000
0.000000 1.510000 2.280100
0.000000 1.520000 2.310400
0.000000 1.530000 2.340900
0.000000 1.540000 2.371600
0.000000 1.550000 2.402500
0.000000 1.560000 2.433600
0.000000 1.570000 2.464900
0.000000 1.580000 2.496400
0.000000 1.590000 2.528100
0.000000 1.600000 2.560000
0.000000 1.610000 2.592100
0.000000 1.620000 2.624400
0.000000 1.630000 2.656900
0.000000 1.640000 2.689600
0.000000 1.650000 2.722500
0.000000 1.660000 2.755600
0.000000 1.670000 2.788900
0.000000 1.680000 2.822400
0.000000 1.690000 2.856100
0.000000 1.700000 2.890000
0.000000 1.710000 2.924100
0.000000 1.720000 2.958400
0.000000 1.730000 2.992900
0.000000 1.740000 3.027600
0.000000 1.750000 3.062500
0.000000 1.760000 3.097600
0.000000 1.770000 3.132900
0.000000 1.780000 3.168400
0.000000 1.790000 3.204100
0.000000 1.800000 3.240000
0.000000 1.810000 3.276100
0.000000 1.820000 3.312400
0.000000 1.830000 3.348900
0.000000 1.840000 3.385600
0.000000 1.850000 3.422500
0.000000 1.860000 3.459600
0.000000 1.870000 3.496900
0.000000 1.880000 3.534400
0.000000 1.890000 3.572100
0.000000 1.900000 3.610000
0.000000 1.910000 3.648100
0.000000 1.920000 3.686400
0.000000 1.930000 3.724900
0.000000 1.940000 3.763600
0.000000 1.950000 3.802500
0.000000 1.960000 3.841600
0.000000 1.970000 3.880900
0.000000 1.980000 3.920400
0.000000 1.990000 3.960100
0.000000 2.000000 4.000000
0.000000 2.010000 4.040100
0.000000 2.020000 4.080400
0.000000 2.030000 4.120900
0.000000 2.040000 4.161600
0.000000 2.050000 4.202500
0.000000 2.060000 4.243600
0.000000 2.070000 4.284900
0.000000 2.080000 4.326400
0.000000 2.090000 4.368100
0.000000 2.100000 4.410000
0.000000 2.110000 4.452100
0.000000 2.120000 4.494400
0.000000 2.130000 4.536900
0.000000 2.140000 4.579600
0.000000 2.150000 4.622500
0.000000 2.160000 4.665600
0.000000 2.170000 4.708900
0.000000 2.180000 4.752400
0.000000 2.190000 4.796100
0.000000 2.200000 4.840000
0.000000 2.210000 4.884100
0.000000 2.220000 4.928400
0.000000 2.230000 4.972900
0.000000 2.240000 5.017600
0.000000 2.250000 5.062500
0.000000 2.260000 5.107600
0.000000 2.270000 5.152900
0.000000 2.280000 5.198400
0.000000 2.290000 5.244100
0.000000 2.300000 5.290000
0.000000 2.310000 5.336100
0.000000 2.320000 5.382400
0.000000 2.330000 5.428900
0.000000 2.340000 5.475600
0.000000 2.350000 5.522500
0.000000 2.360000 5.569600
0.000000 2.370000 5.616900
0.000000 2.380000 5.664400
0.000000 2.390000 5.712100
0.000000 2.400000 5.760000
0.000000 2.410000 5.808100
0.000000 2.420000 5.856400
0.000000 2.430000 5.904900
0.000000 2.440000 5.953600
0.000000 2.450000 6.002500
0.000000 2.460000 6.051600
0.000000 2.470000 6.100900
0.000000 2.480000 6.150400
0.000000 2.490000 6.200100
0.000000 2.500000 6.250000
0.000000 2.510000 6.300100
0.000000 2.520000 6.350400
0.000000 2.530000 6.400900
0.000000 2.540000 6.451600
0.000000 2.550000 6.502500
0.000000 2.560000 6.553600
0.000000 2.570000 6.604900
0.000000 2.580000 6.656400
0.000000 2.590000 6.708100
0.000000 2.600000 6.760000
0.000000 2.610000 6.812100
0.000000 2.620000 6.864400
0.000000 2.630000 6.916900
0.000000 2.640000 6.969600
0.000000 2.650000 7.022500
0.000000 2.660000 7.075600
0.000000 2.670000 7.128900
0.000000 2.680000 7.182400
0.000000 2.690000 7.236100
0.000000 2.700000 7.290000
0.000000 2.710000 7.344100
0.000000 2.720000 7.398400
0.000000 2.730000 7.452900
0.000000 2.740000 7.507600
0.000000 2.750000 7.562500
0.000000 2.760000 7.617600
0.000000 2.770000 7.672900
0.000000 2.780000 7.728400
0.000000 2.790000 7.784100
0.000000 2.800000 7.840000
0.000000 2.810000 7.896100
0.000000 2.820000 7.952400
0.000000 2.830000 8.008900
0.000000 2.840000 8.065600
0.000000 2.850000 8.122500
0.000000 2.860000 8.179600
0.000000 2.870000 8.236900
0.000000 2.880000 8.294400
0.000000 2.890000 8.352100
0.000000 2.900000 8.410000
0.000000 2.910000 8.468100
0.000000 2.920000 8.526400
0.000000 2.930000 8.584900
0.000000 2.940000 8.643600
0.000000 2.950000 8.702500
0.000000 2.960000 8.761600
0.000000 2.970000 8.820900
0.000000 2.980000 8.880400
0.000000 2.990000 8.940100
0.000000 3.000000 9.000000
0.000000 3.010000 9.060100
0.000000 3.020000 9.120400
0.000000 3.030000 9.180900
0.000000 3.040000 9.241600
0.000000 3.050000 9.302500
0.000000 3.060000 9.363600
0.000000 3.070000 9.424900
0.000000 3.080000 9.486400
0.000000 3.090000 9.548100
0.000000 3.100000 9.610000
0.000000 3.110000 9.672100
0.000000 3.120000 9.734400
0.000000 3.130000 9.796900
0.000000 3.140000 9.859600
0.000000 3.150000 9.922500
0.000000 3.160000 9.985600
0.000000 3.170000 10.048900
0.000000 3.180000 10.112400
0.000000 3.190000 10.176100
0.000000 3.200000 10.240000
0.000000 3.210000 10.304100
0.000000 3.220000 10.368400
0.000000 3.230000 10.432900
0.000000 3.240000 10.497600
0.000000 3.250000 10.562500
0.000000 3.260000 10.627600
0.000000 3.270000 10.692900
0.000000 3.280000 10.758400
0.000000 3.290000 10.824100
0.000000 3.300000 10.890000
0.000000 3.310000 10.956100
0.000000 3.320000 11.022400
0.000000 3.330000 11.088900
0.000000 3.340000 11.155600
0.000000 3.350000 11.222500
0.000000 3.360000 11.289600
0.000000 3.370000 11.356900
0.000000 3.380000 11.424400
0.000000 3.390000 11.492100
0.000000 3.400000 11.560000
0.000000 3.410000 11.628100
0.000000 3.420000 11.696400
0.000000 3.430000 11.764900
0.000000 3.440000 11.833600
0.000000 3.450000 11.902500
0.000000 3.460000 11.971600
0.000000 3.470000 12.040900
0.000000 3.480000 12.110400
0.000000 3.490000 12.180100
0.000000 3.500000 12.250000
0.000000 3.510000 12.320100
0.000000 3.520000 12.390400
0.000000 3.530000 12.460900
0.000000 3.540000 12.531600
0.000000 3.550000 12.602500
0.000000 3.560000 12.673600
0.000000 3.570000 12.744900
0.000000 3.580000 12.816400
0.000000 3.590000 12.888100
0.000000 3.600000 12.960000
0.000000 3.610000 13.032100
0.000000 3.620000 13.104400
0.000000 3.630000 13.176900
0.000000 3.640000 13.249600
0.000000 3.650000 13.322500
0.000000 3.660000 13.395600
0.000000 3.670000 13.468900
0.000000 3.680000 13.542400
0.000000 3.690000 13.616100
0.000000 3.700000 13.690000
0.000000 3.710000 13.764100
0.000000 3.720000 13.838400
0.000000 3.730000 13.912900
0.000000 3.740000 13.987600
0.000000 3.750000 14.062500
0.000000 3.760000 14.137600
0.000000 3.770000 14.212900
0.000000 3.780000 14.288400
0.000000 3.790000 14.364100
0.000000 3.800000 14.440000
0.000000 3.810000 14.516100
0.000000 3.820000 14.592400
0.000000 3.830000 14.668900
0.000000 3.840000 14.745600
0.000000 3.850000 14.822500
0.000000 3.860000 14.899600
0.000000 3.870000 14.976900
0.000000 3.880000 15.054400
0.000000 3.890000 15.132100
0.000000 3.900000 15.210000
0.000000 3.910000 15.288100
0.000000 3.920000 15.366400
0.000000 3.930000 15.444900
0.000000 3.940000 15.523600
0.000000 3.950000 15.602500
0.000000 3.960000 15.681600
0.000000 3.970000 15.760900
0.000000 3.980000 15.840400
0.000000 3.990000 15.920100
0.000000 4.000000 16.000000