X    Y   Z
-21.8149  1.79753    0
-21.7149  1.79753    0
-21.6149  1.79753    0
-21.5149  1.79753    0
-21.4149  1.79753    0
-21.3149  1.79753    0
-21.2149  1.79753    0
-21.1149  1.79753    0
-21.0149  1.79753    0
-20.9149  1.79753    0
-20.8149  1.79753    0
-20.7149  1.79753    0
-20.6149  1.79753    0
-20.5149  1.79753    0
-20.4149  1.79753    0
-20.3149  1.79753    0
-20.2149  1.79753    0
-20.1149  1.79753    0
-20.0149  1.79753    0
-19.9149  1.79753    0
-19.8149  1.79753    0
-19.7149  1.79753    0
-19.6149  1.79753    0
-19.5149  1.79753    0
-19.4149  1.79753    0
-19.3149  1.79753    0
-19.2149  1.79753    0
-19.1149  1.79753    0
-19.0149  1.79753    0
-18.9149  1.79753    0
-18.8149  1.79753    0
-18.7149  1.79753    0
-18.6149  1.79753    0
-18.5149  1.79753    0
-18.4149  1.79753    0
-18.3149  1.79753    0
-18.2149  1.79753    0
-18.1149  1.79753    0
-18.0149  1.79753    0
-17.9149  1.79753    0
-17.8149  1.79753    0
-17.7149  1.79753    0
-17.6149  1.79753    0
-17.5149  1.79753    0
-17.4149  1.79753    0
-17.3149  1.79753    0
-17.2149  1.79753    0
-17.1149  1.79753    0
-17.0149  1.79753    0
-16.9149  1.79753    0
-16.8149  1.79753    0
-16.7149  1.79753    0
-16.6149  1.79753    0
-16.5149  1.79753    0
-16.4149  1.79753    0
-16.3149  1.79753    0
-16.2149  1.79753    0
-16.1149  1.79753    0
-16.0149  1.79753    0
-15.9149  1.79753    0
-15.8149  1.79753    0
-15.7149  1.79753    0
-15.6149  1.79753    0
-15.5149  1.79753    0
-15.4149  1.79753    0
-15.3149  1.79753    0
-15.2149  1.79753    0
-15.1149  1.79753    0
-15.0149  1.79753    0
-14.9149  1.79753    0
-14.8149  1.79753    0
-14.7149  1.79753    0
-14.6149  1.79753    0
-14.5149  1.79753    0
-14.4149  1.79753    0
-14.3149  1.79753    0
-14.2149  1.79753    0
-14.1149  1.79753    0
-14.0149  1.79753    0
-13.9149  1.79753    0
-13.8149  1.79753    0
-13.7149  1.79753    0
-13.6149  1.79753    0
-13.5149  1.79753    0
-13.4149  1.79753    0
-13.3149  1.79753    0
-13.2149  1.79753    0
-13.1149  1.79753    0
-13.0149  1.79753    0
-12.9149  1.79753    0
-12.8149  1.79753    0
-12.7149  1.79753    0
-12.6149  1.79753    0
-12.5149  1.79753    0
-12.4149  1.79753    0
-12.3149  1.79753    0
-12.2149  1.79753    0
-12.1149  1.79753    0
-12.0149  1.79753    0
-11.9149  1.79753    0
-11.8149  1.79753    0
-11.7149  1.79753    0
-11.6149  1.79753    0
-11.5149  1.79753    0
-11.4149  1.79753    0
-11.3149  1.79753    0
-11.2149  1.79753    0
-11.1149  1.79753    0
-11.0149  1.79753    0
-10.9149  1.79753    0
-10.8149  1.79753    0
-10.7149  1.79753    0
-10.6149  1.79753    0
-10.5149  1.79753    0
-10.4149  1.79753    0
-10.3149  1.79753    0
-10.2149  1.79753    0
-10.1149  1.79753    0
-10.0149  1.79753    0
-9.91486  1.79753    0
-9.81486  1.79753    0
-9.71486  1.79753    0
-9.61486  1.79753    0
-9.51486  1.79753    0
-9.41486  1.79753    0
-9.31486  1.79753    0
-9.21486  1.79753    0
-9.11486  1.79753    0
-9.01486  1.79753    0
-8.91486  1.79753    0
-8.81486  1.79753    0
-8.71486  1.79753    0
-8.61486  1.79753    0
-8.51486  1.79753    0
-8.41486  1.79753    0
-8.31486  1.79753    0
-8.21486  1.79753    0
-8.11486  1.79753    0
-8.01486  1.79753    0
-7.91486  1.79753    0
-7.81486  1.79753    0
-7.71486  1.79753    0
-7.61486  1.79753    0
-7.51486  1.79753    0
-7.41486  1.79753    0
-7.31486  1.79753    0
-7.21486  1.79753    0
-7.11486  1.79753    0
-7.01486  1.79753    0
-6.91486  1.79753    0
-6.81486  1.79753    0
-6.71486  1.79753    0
-6.61486  1.79753    0
-6.51486  1.79753    0
-6.41486  1.79753    0
-6.31486  1.79753    0
-6.21486  1.79753    0
-6.11486  1.79753    0
-6.01486  1.79753    0
-5.91486  1.79753    0
-5.81486  1.79753    0
-5.71486  1.79753    0
-5.61486  1.79753    0
-5.51486  1.79753    0
-5.41486  1.79753    0
-5.31486  1.79753    0
-5.21486  1.79753    0
-5.11486  1.79753    0
-5.01486  1.79753    0
-4.91486  1.79753    0
-4.81486  1.79753    0
-4.71486  1.79753    0
-4.61486  1.79753    0
-4.51486  1.79753    0
-4.41486  1.79753    0
-4.31486  1.79753    0
-4.21486  1.79753    0
-4.11486  1.79753    0
-4.01486  1.79753    0
-3.91486  1.79753    0
-3.81486  1.79753    0
-3.71486  1.79753    0
-3.61486  1.79753    0
-3.51486  1.79753    0
-3.41486  1.79753    0
-3.31486  1.79753    0
-3.21486  1.79753    0
-3.11486  1.79753    0
-3.01486  1.79753    0
-2.91486  1.79753    0
-2.81486  1.79753    0
-2.71486  1.79753    0
-2.61486  1.79753    0
-2.51486  1.79753    0
-2.41486  1.79753    0
-2.31486  1.79753    0
-2.21486  1.79753    0
-2.11486  1.79753    0
-2.01486  1.79753    0
-1.91486  1.79753    0
-1.81486  1.79753    0
-1.71486  1.79753    0
-1.61486  1.79753    0
-1.51486  1.79753    0
-1.41486  1.79753    0
-1.31486  1.79753    0
-1.21486  1.79753    0
-1.11486  1.79753    0
-1.01486  1.79753    0
-0.914859  1.79753    0
-0.814859  1.79753    0
-0.714859  1.79753    0
-0.614859  1.79753    0
-0.514859  1.79753    0
-0.414859  1.79753    0
-0.314859  1.79753    0
-0.214859  1.79753    0
-0.114859  1.79753    0
-0.0148589  1.79753    0
0.0851411  1.79753    0
0.185141  1.79753    0
0.285141  1.79753    0
0.385141  1.79753    0
0.485141  1.79753    0
0.585141  1.79753    0
0.685141  1.79753    0
0.785141  1.79753    0
0.885141  1.79753    0
0.985141  1.79753    0
1.08514  1.79753    0
1.18514  1.79753    0
1.28514  1.79753    0
1.38514  1.79753    0
1.48514  1.79753    0
1.58514  1.79753    0
1.68514  1.79753    0
1.78514  1.79753    0
1.88514  1.79753    0
1.98514  1.79753    0
2.08514  1.79753    0
2.18514  1.79753    0
2.28514  1.79753    0
2.38514  1.79753    0
2.48514  1.79753    0
2.58514  1.79753    0
2.68514  1.79753    0
2.78514  1.79753    0
2.88514  1.79753    0
2.98514  1.79753    0
3.08514  1.79753    0
3.18514  1.79753    0
3.28514  1.79753    0
3.38514  1.79753    0
3.48514  1.79753    0
3.58514  1.79753    0
3.68514  1.79753    0
3.78514  1.79753    0
3.88514  1.79753    0
3.98514  1.79753    0
4.08514  1.79753    0
4.18514  1.79753    0
4.28514  1.79753    0
4.38514  1.79753    0
4.48514  1.79753    0
4.58514  1.79753    0
4.68514  1.79753    0
4.78514  1.79753    0
4.88514  1.79753    0
4.98514  1.79753    0
5.08514  1.79753    0
5.18514  1.79753    0
5.28514  1.79753    0
5.38514  1.79753    0
5.48514  1.79753    0
5.58514  1.79753    0
5.68514  1.79753    0
5.78514  1.79753    0
5.88514  1.79753    0
5.98514  1.79753    0
6.08514  1.79753    0
6.18514  1.79753    0
6.28514  1.79753    0
6.38514  1.79753    0
6.48514  1.79753    0
6.58514  1.79753    0
6.68514  1.79753    0
6.78514  1.79753    0
6.88514  1.79753    0
6.98514  1.79753    0
7.08514  1.79753    0
7.18514  1.79753    0
7.28514  1.79753    0
7.38514  1.79753    0
7.48514  1.79753    0
7.58514  1.79753    0
7.68514  1.79753    0
7.78514  1.79753    0
7.88514  1.79753    0
7.98514  1.79753    0
8.08514  1.79753    0
8.18514  1.79753    0
8.28514  1.79753    0
8.38514  1.79753    0
8.48514  1.79753    0
8.58514  1.79753    0
8.68514  1.79753    0
8.78514  1.79753    0
8.88514  1.79753    0
8.98514  1.79753    0
9.08514  1.79753    0
9.18514  1.79753    0
9.28514  1.79753    0
9.38514  1.79753    0
9.48514  1.79753    0
9.58514  1.79753    0
9.68514  1.79753    0
9.78514  1.79753    0
9.88514  1.79753    0
9.98514  1.79753    0
10.0851  1.79753    0
10.1851  1.79753    0
10.2851  1.79753    0
10.3851  1.79753    0
10.4851  1.79753    0
10.5851  1.79753    0
10.6851  1.79753    0
10.7851  1.79753    0
10.8851  1.79753    0
10.9851  1.79753    0
11.0851  1.79753    0
11.1851  1.79753    0
11.2851  1.79753    0
11.3851  1.79753    0
11.4851  1.79753    0
11.5851  1.79753    0
11.6851  1.79753    0
11.7851  1.79753    0
11.8851  1.79753    0
11.9851  1.79753    0
12.0851  1.79753    0
12.1851  1.79753    0
12.2851  1.79753    0
12.3851  1.79753    0
12.4851  1.79753    0
12.5851  1.79753    0
12.6851  1.79753    0
12.7851  1.79753    0
12.8851  1.79753    0
12.9851  1.79753    0
13.0851  1.79753    0
13.1851  1.79753    0
13.2851  1.79753    0
13.3851  1.79753    0
13.4851  1.79753    0
13.5851  1.79753    0
13.6851  1.79753    0
13.7851  1.79753    0
13.8851  1.79753    0
13.9851  1.79753    0
14.0851  1.79753    0
14.1851  1.79753    0
14.2851  1.79753    0
14.3851  1.79753    0
14.4851  1.79753    0
14.5851  1.79753    0
14.6851  1.79753    0
14.7851  1.79753    0
14.8851  1.79753    0
14.9851  1.79753    0
15.0851  1.79753    0
15.1851  1.79753    0
15.2851  1.79753    0
15.3851  1.79753    0
15.4851  1.79753    0
15.5851  1.79753    0
15.6851  1.79753    0
15.7851  1.79753    0
15.8851  1.79753    0
15.9851  1.79753    0
16.0851  1.79753    0
16.1851  1.79753    0
16.2851  1.79753    0
16.3851  1.79753    0
16.4851  1.79753    0
16.5851  1.79753    0
16.6851  1.79753    0
16.7851  1.79753    0
16.8851  1.79753    0
16.9851  1.79753    0
17.0851  1.79753    0
17.1851  1.79753    0
17.2851  1.79753    0
17.3851  1.79753    0
17.4851  1.79753    0
17.5851  1.79753    0
17.6851  1.79753    0
17.7851  1.79753    0
17.8851  1.79753    0
17.9851  1.79753    0
18.0851  1.79753    0