X    Y   Z
-16.6965  -14.1544    0
-16.6258  -14.0837    0
-16.5551  -14.013    0
-16.4843  -13.9423    0
-16.4136  -13.8715    0
-16.3429  -13.8008    0
-16.2722  -13.7301    0
-16.2015  -13.6594    0
-16.1308  -13.5887    0
-16.0601  -13.518    0
-15.9894  -13.4473    0
-15.9187  -13.3766    0
-15.848  -13.3059    0
-15.7772  -13.2351    0
-15.7065  -13.1644    0
-15.6358  -13.0937    0
-15.5651  -13.023    0
-15.4944  -12.9523    0
-15.4237  -12.8816    0
-15.353  -12.8109    0
-15.2823  -12.7402    0
-15.2116  -12.6695    0
-15.1408  -12.5988    0
-15.0701  -12.528    0
-14.9994  -12.4573    0
-14.9287  -12.3866    0
-14.858  -12.3159    0
-14.7873  -12.2452    0
-14.7166  -12.1745    0
-14.6459  -12.1038    0
-14.5752  -12.0331    0
-14.5044  -11.9624    0
-14.4337  -11.8916    0
-14.363  -11.8209    0
-14.2923  -11.7502    0
-14.2216  -11.6795    0
-14.1509  -11.6088    0
-14.0802  -11.5381    0
-14.0095  -11.4674    0
-13.9388  -11.3967    0
-13.8681  -11.326    0
-13.7973  -11.2553    0
-13.7266  -11.1845    0
-13.6559  -11.1138    0
-13.5852  -11.0431    0
-13.5145  -10.9724    0
-13.4438  -10.9017    0
-13.3731  -10.831    0
-13.3024  -10.7603    0
-13.2317  -10.6896    0
-13.1609  -10.6189    0
-13.0902  -10.5481    0
-13.0195  -10.4774    0
-12.9488  -10.4067    0
-12.8781  -10.336    0
-12.8074  -10.2653    0
-12.7367  -10.1946    0
-12.666  -10.1239    0
-12.5953  -10.0532    0
-12.5246  -9.98246    0
-12.4538  -9.91175    0
-12.3831  -9.84104    0
-12.3124  -9.77033    0
-12.2417  -9.69962    0
-12.171  -9.62891    0
-12.1003  -9.55819    0
-12.0296  -9.48748    0
-11.9589  -9.41677    0
-11.8882  -9.34606    0
-11.8174  -9.27535    0
-11.7467  -9.20464    0
-11.676  -9.13393    0
-11.6053  -9.06322    0
-11.5346  -8.99251    0
-11.4639  -8.9218    0
-11.3932  -8.85109    0
-11.3225  -8.78038    0
-11.2518  -8.70967    0
-11.181  -8.63896    0
-11.1103  -8.56825    0
-11.0396  -8.49753    0
-10.9689  -8.42682    0
-10.8982  -8.35611    0
-10.8275  -8.2854    0
-10.7568  -8.21469    0
-10.6861  -8.14398    0
-10.6154  -8.07327    0
-10.5447  -8.00256    0
-10.4739  -7.93185    0
-10.4032  -7.86114    0
-10.3325  -7.79043    0
-10.2618  -7.71972    0
-10.1911  -7.64901    0
-10.1204  -7.5783    0
-10.0497  -7.50758    0
-9.97897  -7.43687    0
-9.90826  -7.36616    0
-9.83754  -7.29545    0
-9.76683  -7.22474    0
-9.69612  -7.15403    0
-9.62541  -7.08332    0
-9.5547  -7.01261    0
-9.48399  -6.9419    0
-9.41328  -6.87119    0
-9.34257  -6.80048    0
-9.27186  -6.72977    0
-9.20115  -6.65906    0
-9.13044  -6.58835    0
-9.05973  -6.51764    0
-8.98902  -6.44692    0
-8.91831  -6.37621    0
-8.8476  -6.3055    0
-8.77688  -6.23479    0
-8.70617  -6.16408    0
-8.63546  -6.09337    0
-8.56475  -6.02266    0
-8.49404  -5.95195    0
-8.42333  -5.88124    0
-8.35262  -5.81053    0
-8.28191  -5.73982    0
-8.2112  -5.66911    0
-8.14049  -5.5984    0
-8.06978  -5.52769    0
-7.99907  -5.45698    0
-7.92836  -5.38626    0
-7.85765  -5.31555    0
-7.78694  -5.24484    0
-7.71622  -5.17413    0
-7.64551  -5.10342    0
-7.5748  -5.03271    0
-7.50409  -4.962    0
-7.43338  -4.89129    0
-7.36267  -4.82058    0
-7.29196  -4.74987    0
-7.22125  -4.67916    0
-7.15054  -4.60845    0
-7.07983  -4.53774    0
-7.00912  -4.46703    0
-6.93841  -4.39632    0
-6.8677  -4.3256    0
-6.79699  -4.25489    0
-6.72628  -4.18418    0
-6.65556  -4.11347    0
-6.58485  -4.04276    0
-6.51414  -3.97205    0
-6.44343  -3.90134    0
-6.37272  -3.83063    0
-6.30201  -3.75992    0
-6.2313  -3.68921    0
-6.16059  -3.6185    0
-6.08988  -3.54779    0
-6.01917  -3.47708    0
-5.94846  -3.40637    0
-5.87775  -3.33565    0
-5.80704  -3.26494    0
-5.73633  -3.19423    0
-5.66561  -3.12352    0
-5.5949  -3.05281    0
-5.52419  -2.9821    0
-5.45348  -2.91139    0
-5.38277  -2.84068    0
-5.31206  -2.76997    0
-5.24135  -2.69926    0
-5.17064  -2.62855    0
-5.09993  -2.55784    0
-5.02922  -2.48713    0
-4.95851  -2.41642    0
-4.8878  -2.34571    0
-4.81709  -2.27499    0
-4.74638  -2.20428    0
-4.67567  -2.13357    0
-4.60495  -2.06286    0
-4.53424  -1.99215    0
-4.46353  -1.92144    0
-4.39282  -1.85073    0
-4.32211  -1.78002    0
-4.2514  -1.70931    0
-4.18069  -1.6386    0
-4.10998  -1.56789    0
-4.03927  -1.49718    0
-3.96856  -1.42647    0
-3.89785  -1.35576    0
-3.82714  -1.28505    0
-3.75643  -1.21433    0
-3.68572  -1.14362    0
-3.61501  -1.07291    0
-3.54429  -1.0022    0
-3.47358  -0.931492    0
-3.40287  -0.860781    0
-3.33216  -0.79007    0
-3.26145  -0.71936    0
-3.19074  -0.648649    0
-3.12003  -0.577938    0
-3.04932  -0.507228    0
-2.97861  -0.436517    0
-2.9079  -0.365806    0
-2.83719  -0.295096    0
-2.76648  -0.224385    0
-2.69577  -0.153674    0
-2.62506  -0.0829637    0
-2.55435  -0.012253    0
-2.48363  0.0584576    0
-2.41292  0.129168    0
-2.34221  0.199879    0
-2.2715  0.27059    0
-2.20079  0.3413    0
-2.13008  0.412011    0
-2.05937  0.482722    0
-1.98866  0.553432    0
-1.91795  0.624143    0
-1.84724  0.694854    0
-1.77653  0.765564    0
-1.70582  0.836275    0
-1.63511  0.906986    0
-1.5644  0.977696    0
-1.49368  1.04841    0
-1.42297  1.11912    0
-1.35226  1.18983    0
-1.28155  1.26054    0
-1.21084  1.33125    0
-1.14013  1.40196    0
-1.06942  1.47267    0
-0.99871  1.54338    0
-0.927999  1.61409    0
-0.857289  1.6848    0
-0.786578  1.75551    0
-0.715867  1.82622    0
-0.645157  1.89694    0
-0.574446  1.96765    0
-0.503735  2.03836    0
-0.433025  2.10907    0
-0.362314  2.17978    0
-0.291603  2.25049    0
-0.220893  2.3212    0
-0.150182  2.39191    0
-0.0794713  2.46262    0
-0.00876067  2.53333    0
0.06195  2.60404    0
0.132661  2.67475    0
0.203371  2.74546    0
0.274082  2.81617    0
0.344793  2.88688    0
0.415503  2.9576    0
0.486214  3.02831    0
0.556925  3.09902    0
0.627635  3.16973    0
0.698346  3.24044    0
0.769057  3.31115    0
0.839767  3.38186    0
0.910478  3.45257    0
0.981189  3.52328    0
1.0519  3.59399    0
1.12261  3.6647    0
1.19332  3.73541    0
1.26403  3.80612    0
1.33474  3.87683    0
1.40545  3.94754    0
1.47616  4.01826    0
1.54687  4.08897    0
1.61758  4.15968    0
1.6883  4.23039    0
1.75901  4.3011    0
1.82972  4.37181    0
1.90043  4.44252    0
1.97114  4.51323    0
2.04185  4.58394    0
2.11256  4.65465    0
2.18327  4.72536    0
2.25398  4.79607    0
2.32469  4.86678    0
2.3954  4.93749    0
2.46611  5.00821    0
2.53682  5.07892    0
2.60753  5.14963    0
2.67825  5.22034    0
2.74896  5.29105    0
2.81967  5.36176    0
2.89038  5.43247    0
2.96109  5.50318    0
3.0318  5.57389    0
3.10251  5.6446    0
3.17322  5.71531    0
3.24393  5.78602    0
3.31464  5.85673    0
3.38535  5.92744    0
3.45606  5.99815    0
3.52677  6.06887    0
3.59748  6.13958    0
3.66819  6.21029    0
3.73891  6.281    0
3.80962  6.35171    0
3.88033  6.42242    0
3.95104  6.49313    0
4.02175  6.56384    0
4.09246  6.63455    0
4.16317  6.70526    0
4.23388  6.77597    0
4.30459  6.84668    0
4.3753  6.91739    0
4.44601  6.9881    0
4.51672  7.05881    0
4.58743  7.12953    0
4.65814  7.20024    0
4.72885  7.27095    0
4.79957  7.34166    0
4.87028  7.41237    0
4.94099  7.48308    0
5.0117  7.55379    0
5.08241  7.6245    0
5.15312  7.69521    0
5.22383  7.76592    0
5.29454  7.83663    0
5.36525  7.90734    0
5.43596  7.97805    0
5.50667  8.04876    0
5.57738  8.11947    0
5.64809  8.19019    0
5.7188  8.2609    0
5.78951  8.33161    0
5.86023  8.40232    0
5.93094  8.47303    0
6.00165  8.54374    0
6.07236  8.61445    0
6.14307  8.68516    0
6.21378  8.75587    0
6.28449  8.82658    0
6.3552  8.89729    0
6.42591  8.968    0
6.49662  9.03871    0
6.56733  9.10942    0
6.63804  9.18014    0
6.70875  9.25085    0
6.77946  9.32156    0
6.85018  9.39227    0
6.92089  9.46298    0
6.9916  9.53369    0
7.06231  9.6044    0
7.13302  9.67511    0
7.20373  9.74582    0
7.27444  9.81653    0
7.34515  9.88724    0
7.41586  9.95795    0
7.48657  10.0287    0
7.55728  10.0994    0
7.62799  10.1701    0
7.6987  10.2408    0
7.76941  10.3115    0
7.84012  10.3822    0
7.91084  10.4529    0
7.98155  10.5236    0
8.05226  10.5943    0
8.12297  10.6651    0
8.19368  10.7358    0
8.26439  10.8065    0
8.3351  10.8772    0
8.40581  10.9479    0
8.47652  11.0186    0
8.54723  11.0893    0
8.61794  11.16    0
8.68865  11.2307    0
8.75936  11.3015    0
8.83007  11.3722    0
8.90078  11.4429    0
8.9715  11.5136    0
9.04221  11.5843    0
9.11292  11.655    0
9.18363  11.7257    0
9.25434  11.7964    0
9.32505  11.8671    0
9.39576  11.9379    0
9.46647  12.0086    0
9.53718  12.0793    0
9.60789  12.15    0
9.6786  12.2207    0
9.74931  12.2914    0
9.82002  12.3621    0
9.89073  12.4328    0
9.96144  12.5035    0
10.0322  12.5742    0
10.1029  12.645    0
10.1736  12.7157    0
10.2443  12.7864    0
10.315  12.8571    0
10.3857  12.9278    0
10.4564  12.9985    0
10.5271  13.0692    0
10.5978  13.1399    0
10.6686  13.2106    0
10.7393  13.2814    0
10.81  13.3521    0
10.8807  13.4228    0
10.9514  13.4935    0
11.0221  13.5642    0
11.0928  13.6349    0
11.1635  13.7056    0
11.2342  13.7763    0
11.3049  13.847    0
11.3757  13.9178    0
11.4464  13.9885    0
11.5171  14.0592    0