X    Y
-10  0.775905
-9.9  0.845578
-9.8  0.913686
-9.7  0.98023
-9.6  1.04521
-9.5  1.10863
-9.4  1.17048
-9.3  1.23076
-9.2  1.28949
-9.1  1.34665
-9  1.40224
-8.9  1.45627
-8.8  1.50874
-8.7  1.55964
-8.6  1.60897
-8.5  1.65675
-8.4  1.70296
-8.3  1.7476
-8.2  1.79068
-8.1  1.8322
-8  1.87215
-7.9  1.91054
-7.8  1.94736
-7.7  1.98262
-7.6  2.01631
-7.5  2.04844
-7.4  2.07901
-7.3  2.10801
-7.2  2.13545
-7.1  2.16132
-7  2.18563
-6.9  2.20837
-6.8  2.22955
-6.7  2.24917
-6.6  2.26722
-6.5  2.28371
-6.4  2.29863
-6.3  2.31199
-6.2  2.32378
-6.1  2.33401
-6  2.34268
-5.9  2.34978
-5.8  2.35532
-5.7  2.35929
-5.6  2.3617
-5.5  2.36254
-5.4  2.36182
-5.3  2.35954
-5.2  2.35569
-5.1  2.35028
-5  2.3433
-4.9  2.33476
-4.8  2.32466
-4.7  2.31299
-4.6  2.29975
-4.5  2.28495
-4.4  2.26859
-4.3  2.25066
-4.2  2.23117
-4.1  2.21012
-4  2.1875
-3.9  2.16331
-3.8  2.13757
-3.7  2.11025
-3.6  2.08138
-3.5  2.05094
-3.4  2.01893
-3.3  1.98536
-3.2  1.95023
-3.1  1.91353
-3  1.87527
-2.9  1.83544
-2.8  1.79405
-2.7  1.75109
-2.6  1.70657
-2.5  1.66049
-2.4  1.61284
-2.3  1.56363
-2.2  1.51285
-2.1  1.46051
-2  1.4066
-1.9  1.35114
-1.8  1.2941
-1.7  1.2355
-1.6  1.17534
-1.5  1.11361
-1.4  1.05032
-1.3  0.985468
-1.2  0.919048
-1.1  0.851065
-1  0.781516
-0.9  0.710404
-0.8  0.637727
-0.7  0.563486
-0.6  0.487681
-0.5  0.410312
-0.4  0.331378
-0.3  0.25088
-0.2  0.168818
-0.1  0.0851909
-1.87905e-14  3.5862e-12
0.1  -0.0867552
0.2  -0.175075
0.3  -0.264958
0.4  -0.356406
0.5  -0.449419
0.6  -0.543995
0.7  -0.640136
0.8  -0.737841
0.9  -0.837111
1  -0.937944
1.1  -1.04034
1.2  -1.1443
1.3  -1.24983
1.4  -1.35692
1.5  -1.46558
1.6  -1.5758
1.7  -1.68758
1.8  -1.80093
1.9  -1.91584
2  -2.03232
2.1  -2.15036
2.2  -2.26996
2.3  -2.39113
2.4  -2.51387
2.5  -2.63816
2.6  -2.76403
2.7  -2.89145
2.8  -3.02044
2.9  -3.151
3  -3.28312
3.1  -3.4168
3.2  -3.55205
3.3  -3.68886
3.4  -3.82724
3.5  -3.96718
3.6  -4.10868
3.7  -4.25175
3.8  -4.39639
3.9  -4.54258
4  -4.69035
4.1  -4.83967
4.2  -4.99056
4.3  -5.14302
4.4  -5.29704
4.5  -5.45262
4.6  -5.60977
4.7  -5.76848
4.8  -5.92876
4.9  -6.0906
5  -6.254
5.1  -6.41897
5.2  -6.58551
5.3  -6.7536
5.4  -6.92326
5.5  -7.09449
5.6  -7.26728
5.7  -7.44164
5.8  -7.61756
5.9  -7.79504
6  -7.97409
6.1  -8.1547
6.2  -8.33688
6.3  -8.52062
6.4  -8.70592
6.5  -8.89279
6.6  -9.08122
6.7  -9.27122
6.8  -9.46278
6.9  -9.65591
7  -9.8506
7.1  -10.0469
7.2  -10.2447
7.3  -10.4441
7.4  -10.645
7.5  -10.8475
7.6  -11.0516
7.7  -11.2572
7.8  -11.4644
7.9  -11.6732
8  -11.8835
8.1  -12.0954
8.2  -12.3089
8.3  -12.5239
8.4  -12.7405
8.5  -12.9587
8.6  -13.1784
8.7  -13.3997
8.8  -13.6225
8.9  -13.8469
9  -14.0729
9.1  -14.3004
9.2  -14.5296
9.3  -14.7602
9.4  -14.9925
9.5  -15.2263
9.6  -15.4616
9.7  -15.6985
9.8  -15.937
9.9  -16.1771
10  -16.4187