X    Y
-3  5.58329
-2.9  5.48233
-2.8  5.38137
-2.7  5.2804
-2.6  5.17944
-2.5  5.07847
-2.4  4.97751
-2.3  4.87655
-2.2  4.77558
-2.1  4.67462
-2  4.57365
-1.9  4.47269
-1.8  4.37173
-1.7  4.27076
-1.6  4.1698
-1.5  4.06883
-1.4  3.96787
-1.3  3.86691
-1.2  3.76594
-1.1  3.66498
-1  3.56401
-0.9  3.46305
-0.8  3.36209
-0.7  3.26112
-0.6  3.16016
-0.5  3.05919
-0.4  2.95823
-0.3  2.85727
-0.2  2.7563
-0.1  2.65534
1.52656e-15  2.55437
0.1  2.45341
0.2  2.35245
0.3  2.25148
0.4  2.15052
0.5  2.04955
0.6  1.94859
0.7  1.84763
0.8  1.74666
0.9  1.6457
1  1.54473
1.1  1.44377
1.2  1.34281
1.3  1.24184
1.4  1.14088
1.5  1.03991
1.6  0.93895
1.7  0.837986
1.8  0.737022
1.9  0.636058
2  0.535094
2.1  0.43413
2.2  0.333166
2.3  0.232202
2.4  0.131238
2.5  0.0302742
2.6  -0.0706898
2.7  -0.171654
2.8  -0.272618
2.9  -0.373582