X    Y   Z
-3.51853  6.10683    0
-3.44816  6.03578    0
-3.37779  5.96473    0
-3.30742  5.89368    0
-3.23705  5.82263    0
-3.16668  5.75158    0
-3.09631  5.68053    0
-3.02594  5.60948    0
-2.95557  5.53843    0
-2.8852  5.46739    0
-2.81483  5.39634    0
-2.74446  5.32529    0
-2.67409  5.25424    0
-2.60371  5.18319    0
-2.53334  5.11214    0
-2.46297  5.04109    0
-2.3926  4.97004    0
-2.32223  4.89899    0
-2.25186  4.82794    0
-2.18149  4.7569    0
-2.11112  4.68585    0
-2.04075  4.6148    0
-1.97038  4.54375    0
-1.90001  4.4727    0
-1.82964  4.40165    0
-1.75927  4.3306    0
-1.6889  4.25955    0
-1.61853  4.1885    0
-1.54815  4.11745    0
-1.47778  4.0464    0
-1.40741  3.97536    0
-1.33704  3.90431    0
-1.26667  3.83326    0
-1.1963  3.76221    0
-1.12593  3.69116    0
-1.05556  3.62011    0
-0.985189  3.54906    0
-0.914819  3.47801    0
-0.844448  3.40696    0
-0.774077  3.33591    0
-0.703707  3.26487    0
-0.633336  3.19382    0
-0.562965  3.12277    0
-0.492595  3.05172    0
-0.422224  2.98067    0
-0.351853  2.90962    0
-0.281483  2.83857    0
-0.211112  2.76752    0
-0.140741  2.69647    0
-0.0703707  2.62542    0
-7.22676e-16  2.55437    0
0.0703707  2.48333    0
0.140741  2.41228    0
0.211112  2.34123    0
0.281483  2.27018    0
0.351853  2.19913    0
0.422224  2.12808    0
0.492595  2.05703    0
0.562965  1.98598    0
0.633336  1.91493    0
0.703707  1.84388    0
0.774077  1.77283    0
0.844448  1.70179    0
0.914819  1.63074    0
0.985189  1.55969    0
1.05556  1.48864    0
1.12593  1.41759    0
1.1963  1.34654    0
1.26667  1.27549    0
1.33704  1.20444    0
1.40741  1.13339    0
1.47778  1.06234    0
1.54815  0.991295    0
1.61853  0.920246    0
1.6889  0.849197    0
1.75927  0.778148    0
1.82964  0.707099    0
1.90001  0.63605    0
1.97038  0.565001    0
2.04075  0.493952    0
2.11112  0.422903    0
2.18149  0.351854    0
2.25186  0.280805    0
2.32223  0.209756    0
2.3926  0.138707    0
2.46297  0.0676575    0
2.53334  -0.00339152    0
2.60371  -0.0744406    0
2.67409  -0.14549    0
2.74446  -0.216539    0
2.81483  -0.287588    0
2.8852  -0.358637    0
2.95557  -0.429686    0
3.02594  -0.500735    0
3.09631  -0.571784    0
3.16668  -0.642833    0
3.23705  -0.713882    0
3.30742  -0.784931    0
3.37779  -0.85598    0
3.44816  -0.927029    0
3.51853  -0.998078    0