X    Y   Z   ID
4.41702  15.8619 0 0
4.19771  15.7687 0 1
4.01646  15.6403 0 2
3.87325  15.4766 0 3
3.76809  15.2776 0 4
3.69834  15.0539 0 5
3.65808  14.8292 0 6
3.64709  14.6043 0 7
3.6538  14.3793 0 8
3.65867  14.1544 0 9
3.66119  13.9295 0 10
3.66003  13.7045 0 11
3.65495  13.4793 0 12
3.64436  13.2543 0 13
3.62222  13.0307 0 14
3.58794  12.8086 0 15
3.54495  12.5876 0 16
3.50613  12.366 0 17
3.47271  12.1436 0 18
3.44421  11.9205 0 19
3.41554  11.6973 0 20
3.38533  11.4744 0 21
3.35358  11.2518 0 22
3.32008  11.0293 0 23
3.28442  10.8072 0 24
3.2466  10.5855 0 25
3.20529  10.3643 0 26
3.15724  10.1446 0 27
3.1023  9.92626 0 28
3.04494  9.70852 0 29
2.99993  9.48846 0 30
2.96844  9.26583 0 31
2.95107  9.04087 0 32
2.95191  8.81519 0 33
2.97179  8.5891 0 34
3.00993  8.36265 0 35
3.0235  8.13936 0 36
2.98776  7.92124 0 37
2.91207  7.7078 0 38
2.82983  7.49724 0 39
2.74442  7.28919 0 40
2.66489  7.07938 0 41
2.59482  6.86608 0 42
2.53399  6.6494 0 43
2.47751  6.43142 0 44
2.42326  6.21303 0 45
2.37121  5.99424 0 46
2.319  5.77549 0 47
2.26515  5.55707 0 48
2.2098  5.33893 0 49
2.15935  5.11982 0 50
2.11729  4.89902 0 51
2.08301  4.67666 0 52
2.0488  4.45423 0 53
2.01233  4.23217 0 54
1.97356  4.01049 0 55
1.93014  3.78981 0 56
1.88054  3.57051 0 57
1.82476  3.35261 0 58
1.7646  3.13578 0 59
1.70219  2.91967 0 60
1.63754  2.70426 0 61
1.57158  2.48922 0 62
1.505  2.27427 0 63
1.43781  2.05941 0 64
1.37343  1.84388 0 65
1.31593  1.62673 0 66
1.26532  1.40798 0 67
1.21935  1.18806 0 68
1.15868  0.97095 0 69
1.07881  0.757557 0 70
0.979255  0.548679 0 71
0.842553  0.372586 0 72
0.661146  0.242262 0 73
0.464107  0.129656 0 74
0.258184  0.0410677 0 75
0.0354212  0.0125388 0 76
-0.188882  0.0434492 0 77
-0.396711  0.12961 0 78
-0.577631  0.262488 0 79
-0.74511  0.414701 0 80
-0.888919  0.585406 0 81
-0.992243  0.783458 0 82
-1.07128  0.997556 0 83
-1.15241  1.20931 0 84
-1.236  1.41847 0 85
-1.31647  1.62787 0 86
-1.38764  1.84064 0 87
-1.4495  2.0568 0 88
-1.50377  2.27549 0 89
-1.55385  2.49503 0 90
-1.59984  2.71537 0 91
-1.64716  2.93525 0 92
-1.70726  3.15197 0 93
-1.78048  3.36546 0 94
-1.8678  3.5731 0 95
-1.97015  3.77236 0 96
-2.08752  3.96325 0 97
-2.21992  4.14577 0 98
-2.36734  4.31992 0 99