X    Y   Z   ID
4.41702  15.8619 0 0
4.22883  15.7429 0 1
4.04064  15.6238 0 2
3.8997  15.4659 0 3
3.81925  15.2583 0 4
3.7388  15.0507 0 5
3.66031  14.8426 0 6
3.6585  14.62 0 7
3.65668  14.3973 0 8
3.65702  14.1746 0 9
3.65917  13.952 0 10
3.6582  13.7294 0 11
3.64631  13.507 0 12
3.63442  13.2846 0 13
3.62253  13.0623 0 14
3.58974  12.8423 0 15
3.5509  12.6231 0 16
3.51345  12.4036 0 17
3.48303  12.183 0 18
3.4526  11.9624 0 19
3.42218  11.7418 0 20
3.3913  11.5213 0 21
3.35862  11.301 0 22
3.32594  11.0808 0 23
3.29303  10.8605 0 24
3.25222  10.6416 0 25
3.21141  10.4227 0 26
3.17059  10.2038 0 27
3.11883  9.98725 0 28
3.06668  9.77076 0 29
3.01452  9.55428 0 30
2.99151  9.33333 0 31
2.97648  9.11116 0 32
2.96144  8.889 0 33
2.96219  8.66688 0 34
2.97882  8.44483 0 35
2.99545  8.22277 0 36
3.004  8.00167 0 37
2.93596  7.78964 0 38
2.86243  7.57956 0 39
2.78162  7.37207 0 40
2.70081  7.16457 0 41
2.62589  6.95511 0 42
2.56573  6.74071 0 43
2.50557  6.52631 0 44
2.44795  6.31126 0 45
2.3957  6.09479 0 46
2.34345  5.87833 0 47
2.2912  5.66187 0 48
2.239  5.4454 0 49
2.1868  5.22893 0 50
2.14013  5.01134 0 51
2.10416  4.79158 0 52
2.0682  4.57183 0 53
2.03082  4.35233 0 54
1.98992  4.13343 0 55
1.94903  3.91454 0 56
1.90814  3.69565 0 57
1.8538  3.4798 0 58
1.79667  3.26458 0 59
1.73953  3.04935 0 60
1.67576  2.83601 0 61
1.61139  2.62284 0 62
1.54703  2.40967 0 63
1.48329  2.19631 0 64
1.41955  1.98295 0 65
1.35581  1.76959 0 66
1.29761  1.5547 0 67
1.24287  1.33886 0 68
1.18813  1.12301 0 69
1.13339  0.90717 0 70
1.02936  0.711584 0 71
0.916483  0.519638 0 72
0.795813  0.335129 0 73
0.609292  0.213494 0 74
0.410232  0.114111 0 75
0.20496  0.0320208 0 76
-0.015312  0.0300757 0 77
-0.236237  0.05796 0 78
-0.436917  0.154336 0 79
-0.611371  0.2926 0 80
-0.768363  0.450415 0 81
-0.896702  0.628222 0 82
-0.988335  0.831172 0 83
-1.07997  1.03412 0 84
-1.16382  1.24031 0 85
-1.24343  1.44827 0 86
-1.32305  1.65623 0 87
-1.38951  1.86844 0 88
-1.44653  2.08369 0 89
-1.50355  2.29894 0 90
-1.55837  2.51473 0 91
-1.60689  2.73206 0 92
-1.65541  2.94939 0 93
-1.71899  3.16218 0 94
-1.79851  3.37018 0 95
-1.87803  3.57817 0 96
-1.98751  3.77038 0 97
-2.11412  3.95356 0 98
-2.24073  4.13674 0 99
-2.36734  4.31992 0 100