X    Y   Z   ID
4.41702  15.8619 0 0
4.19913  15.7797 0 1
4.01951  15.6483 0 2
3.87696  15.4784 0 3
3.7703  15.2804 0 4
3.69832  15.065 0 5
3.65978  14.8426 0 6
3.64886  14.6199 0 7
3.65278  14.3973 0 8
3.65868  14.1747 0 9
3.66112  13.9521 0 10
3.66045  13.7292 0 11
3.65668  13.5062 0 12
3.64672  13.2835 0 13
3.62628  13.0619 0 14
3.59325  12.8419 0 15
3.55287  12.6229 0 16
3.51198  12.4038 0 17
3.47678  12.1839 0 18
3.44734  11.9632 0 19
3.4202  11.7421 0 20
3.39198  11.5212 0 21
3.3611  11.3007 0 22
3.32799  11.0805 0 23
3.29318  10.8605 0 24
3.25668  10.6407 0 25
3.21665  10.4216 0 26
3.1709  10.2037 0 27
3.11836  9.98742 0 28
3.06363  9.77155 0 29
3.01304  9.55465 0 30
2.97285  9.33537 0 31
2.94866  9.11367 0 32
2.94573  8.89016 0 33
2.96871  8.66547 0 34
3.00598  8.441 0 35
3.02785  8.21894 0 36
3.00633  8.00136 0 37
2.94347  7.78845 0 38
2.86029  7.57918 0 39
2.77555  7.3723 0 40
2.69567  7.1655 0 41
2.62331  6.95615 0 42
2.55926  6.74318 0 43
2.50149  6.52774 0 44
2.44778  6.31118 0 45
2.39602  6.09452 0 46
2.3444  5.87803 0 47
2.29119  5.66187 0 48
2.23642  5.44595 0 49
2.18383  5.22954 0 50
2.13761  5.01185 0 51
2.09952  4.79254 0 52
2.06601  4.5723 0 53
2.03281  4.35194 0 54
1.99652  4.13212 0 55
1.9558  3.91316 0 56
1.90966  3.69534 0 57
1.85753  3.47883 0 58
1.80047  3.26352 0 59
1.73993  3.04924 0 60
1.67719  2.83576 0 61
1.6128  2.62272 0 62
1.54702  2.40967 0 63
1.48038  2.19626 0 64
1.41494  1.9827 0 65
1.35338  1.76941 0 66
1.29818  1.55674 0 67
1.24759  1.34381 0 68
1.19544  1.1284 0 69
1.13535  0.908249 0 70
1.05847  0.688234 0 71
0.950298  0.489558 0 72
0.797258  0.333648 0 73
0.610215  0.212551 0 74
0.414601  0.102343 0 75
0.205683  0.0286615 0 76
-0.0168828  0.0145374 0 77
-0.236277  0.0577569 0 78
-0.43711  0.153998 0 79
-0.611752  0.292058 0 80
-0.773801  0.446325 0 81
-0.912547  0.617688 0 82
-1.01146  0.815988 0 83
-1.0868  1.02974 0 84
-1.16191  1.24288 0 85
-1.24366  1.45028 0 86
-1.32462  1.65632 0 87
-1.39706  1.86556 0 88
-1.45835  2.07952 0 89
-1.51091  2.2966 0 90
-1.55746  2.51507 0 91
-1.60227  2.73344 0 92
-1.65141  2.95046 0 93
-1.71092  3.16492 0 94
-1.78419  3.3755 0 95
-1.8716  3.58076 0 96
-1.97339  3.77927 0 97
-2.08979  3.96959 0 98
-2.22103  4.15029 0 99
-2.36734  4.31992 0 100